version https://git-lfs.github.com/spec/v1
oid sha256:4caa43a08bcf922b3556fae83cdd079d33b593894a352feec76942a7ebb5b3ab
size 142400
