version https://git-lfs.github.com/spec/v1
oid sha256:84a67abc82b0a38478a5afc45f9047df882fbed9f59522f13c46bd37154d88c7
size 145303
